0 0.239294 0.189273 0.025412 0.019636
0 0.580000 0.372909 0.025412 0.019636
0 0.561765 0.405273 0.025647 0.019636
0 0.618118 0.405273 0.025412 0.019636
0 0.509176 0.437636 0.025412 0.019636
0 0.565529 0.437636 0.025647 0.019636
0 0.295647 0.189273 0.025647 0.019636
0 0.504588 0.276000 0.025647 0.019636
0 0.560941 0.276000 0.025412 0.019636
0 0.499176 0.308364 0.025647 0.019636
0 0.555529 0.308364 0.025412 0.019636
0 0.561647 0.340727 0.025412 0.019636
0 0.617882 0.340727 0.025412 0.019636
0 0.523765 0.372909 0.025412 0.019636
