0 0.128706 0.271091 0.025412 0.019636
0 0.421882 0.505636 0.025412 0.019636
0 0.482588 0.505636 0.025412 0.019636
0 0.428941 0.533818 0.025412 0.019636
0 0.489882 0.533818 0.025412 0.019636
0 0.422588 0.581727 0.025412 0.019818
0 0.483529 0.581727 0.025412 0.019818
0 0.387765 0.610727 0.025412 0.019636
0 0.448706 0.610727 0.025412 0.019636
0 0.128706 0.736909 0.025412 0.019636
0 0.128706 0.292182 0.025412 0.019636
0 0.128706 0.313182 0.025412 0.019818
0 0.379176 0.453818 0.025647 0.019636
0 0.439765 0.453818 0.025412 0.019636
0 0.782588 0.453818 0.025412 0.019636
0 0.843176 0.453818 0.025647 0.019636
0 0.426471 0.484545 0.025647 0.019636
0 0.487294 0.484545 0.025412 0.019636
