0 0.843059 0.150727 0.025412 0.019636
0 0.871294 0.387455 0.025412 0.019636
0 0.843059 0.436909 0.025412 0.019636
0 0.146471 0.455273 0.025647 0.019636
0 0.814941 0.486364 0.025647 0.019636
0 0.871294 0.486364 0.025412 0.019636
0 0.146471 0.169000 0.025647 0.019818
0 0.179294 0.235636 0.025412 0.019636
0 0.235529 0.235636 0.025412 0.019636
0 0.814941 0.287727 0.025647 0.019818
0 0.871294 0.287818 0.025412 0.019636
0 0.814941 0.337273 0.025647 0.019636
0 0.871294 0.337273 0.025412 0.019636
0 0.815059 0.387455 0.025412 0.019636
