0 0.267412 0.333000 0.022824 0.017636
0 0.267294 0.505182 0.023059 0.017636
0 0.600824 0.505182 0.022824 0.017636
0 0.267294 0.570636 0.023059 0.017636
0 0.594000 0.570636 0.022824 0.017636
0 0.267294 0.605909 0.023059 0.017636
0 0.603294 0.605909 0.023059 0.017636
0 0.269059 0.675000 0.022824 0.017636
0 0.269059 0.699545 0.022824 0.017636
0 0.268941 0.749818 0.023059 0.017818
0 0.573765 0.333000 0.022824 0.017636
0 0.325647 0.352455 0.023059 0.017636
0 0.267412 0.377000 0.022824 0.017636
0 0.576824 0.377000 0.022824 0.017636
0 0.325647 0.396455 0.023059 0.017636
0 0.267412 0.446818 0.022824 0.017636
0 0.656706 0.446818 0.023059 0.017636
0 0.491647 0.466273 0.022824 0.017636
